test-73:  1.3755516211191814
test-3:  1.2526027361551921
test-78:  1.8861191693474264
test-63:  1.5419431686401368
test-19:  1.7994292638240716
test-29:  2.017062341013262
test-70:  1.950457649571555
test-45:  2.9072248935699463
test-10:  1.8353228192580373
test-15:  2.049755424261093
test-56:  1.713720943869614
test-8:  2.018224670773461
test-18:  1.9417943954467773
test-14:  1.5385374546051025
test-50:  2.0222005367279055
test-69:  1.972374092964899
test-5:  2.2064318770454046
test-7:  1.83207706971602
test-46:  2.3574245827538625
test-13:  2.21715667973394
test-24:  1.7203721553087234
test-26:  2.072397330711628
test-6:  2.1222567724627117
test-37:  1.8048376756555893
test-44:  1.8489110610064339
test-52:  1.9427948491326694
test-23:  1.8934519290924072
test-94:  1.9998559653759003
test-35:  2.184401041583011
test-77:  1.9752296703617747
test-27:  1.9612607538700104
test-30:  2.088547646999359
test-48:  2.2608569044815865
test-98:  2.4980642986297608
test-32:  2.2120007961354355
test-39:  2.231433135812933
test-16:  1.9150880141691728
test-47:  2.1373067621914847
test-86:  2.2571097859796487
test-12:  2.1581075615353056
test-49:  2.044301338817762
test-100:  1.9857865608099736
test-36:  1.984528321486253
test-1:  2.1167064486323177
test-54:  2.093933132978586
test-21:  2.2236828389375107
