test-10:  0.6363703608512878
test-3:  0.48049084345499676
test-6:  0.5528129736582438
test-5:  0.5731785297393799
test-4:  0.6376337210337321
test-7:  0.7003540992736816
test-8:  0.7453170617421468
test-9:  0.7924694220225016
test-2:  0.6805747747421265
test-1:  1.0859792232513428
