test-spam-18:  10.488860607147217
test-spam-3:  8.327381610870361
test-spam-14:  4.236431360244751
