test-spam-9:  6.503857851028442
test-spam-3:  11.232062220573425
test-spam-4:  8.569310029347738
test-spam-2:  8.385587930679321
test-spam-11:  7.714186906814575
test-spam-6:  8.878348418644496
test-spam-5:  8.874642610549927
test-spam-10:  9.01716148853302
test-spam-14:  12.849466800689697
test-spam-12:  9.05669218301773
test-spam-7:  8.622413897514344
test-spam-8:  9.059609028009268
test-spam-15:  9.170196834732504
test-spam-1:  9.169928882433021
test-spam-16:  9.278307139873505
test-spam-13:  9.260497765462906
