test-spam-1:  9.517983412742614
test-spam-2:  8.759935545921326
test-spam-9:  8.432878279685974
test-spam-5:  8.50639361994607
test-spam-7:  8.439174389839172
test-spam-8:  9.13827931880951
test-spam-6:  8.876586265034145
test-spam-12:  8.928196506066756
test-spam-10:  8.888056523270077
test-spam-4:  8.759514792398972
test-spam-3:  8.56081353293525
test-spam-11:  8.843502985579628
