test-spam-1:  1.016743574823652
test-spam-2:  1.0168331606047494
