test-spam-40:  6.865397596359253
test-spam-30:  17.464117685953777
test-spam-35:  17.721477712903702
test-spam-20:  8.68929010629654
test-spam-61:  10.956060290336609
