test-2:  0.6597774922847748
test-5:  0.6829483807086945
test-4:  0.6188516276223319
test-1:  0.6467902660369873
test-3:  0.6667556422097343
