test-20:  2.507256007963611
test-25:  2.2334769407908124
test-44:  2.2509576082229614
test-12:  2.494363028070201
test-35:  2.4642020165920258
test-16:  2.046744320127699
test-26:  2.1354387601216636
test-15:  2.3237223049689986
test-7:  2.446453639439174
test-18:  2.2676197716167996
test-23:  2.3504120962960378
test-66:  2.3973510357049794
test-73:  2.623235364754995
test-22:  2.2644103527069093
test-69:  2.0602576971054076
test-42:  2.3290516628938565
test-10:  2.3064313530921936
test-53:  2.159774166164976
test-8:  2.1087017208337784
test-72:  2.3164619248488854
test-40:  2.482672505908542
test-29:  2.024127671593114
test-17:  1.801281992594401
test-49:  2.1482944356070623
test-3:  2.046300788720449
test-27:  1.3960804688303095
test-55:  2.1515122850735984
test-37:  2.331355174382528
test-32:  2.2061756207392764
test-28:  2.1353960387847004
test-54:  2.109289755423864
test-67:  2.067181852128771
test-71:  2.2807823044913156
test-65:  2.099841515223185
test-6:  2.077738563219706
test-34:  2.2921181678771974
test-74:  2.2956621188383837
test-56:  2.1981287479400633
test-13:  2.8266522326367967
test-59:  2.103694278001785
test-11:  2.1739902803974767
test-47:  2.1404607370495796
test-48:  2.403888640865203
test-14:  2.252970394335295
test-9:  2.308003395795822
test-19:  2.2809640277515757
test-30:  2.585445284843445
test-39:  2.2298950323691735
test-1:  1.7911780595779419
test-43:  2.100571076075236
test-31:  2.255391012538563
test-70:  2.3797823190689087
test-5:  2.1216360878300025
test-45:  2.353864089036599
test-21:  2.5996344218382963
test-68:  2.3368342500744443
test-2:  2.579853447116151
test-41:  2.5457456949594857
test-58:  2.267587009229158
test-4:  3.0187751095870445
test-61:  2.850047540664673
test-33:  2.967003285884857
test-51:  2.9582775143476634
test-62:  2.6282783045488247
test-63:  2.827994147936503
test-52:  2.998943669455392
test-24:  2.8279175877571108
test-50:  2.6866533011198044
test-57:  3.032903464635213
test-75:  2.7822262140420766
test-38:  2.945251437333914
test-64:  2.728012583472512
test-60:  3.1902905216923467
test-46:  2.8487927800133113
test-36:  3.132958087656233
