test-spam-18:  15.008958180745443
test-spam-14:  2.535143494606018
test-spam-12:  3.808844566345215
test-spam-6:  4.540711164474487
test-spam-2:  2.0538625717163086
test-spam-3:  1.8303961753845215
test-spam-17:  15.480837106704712
test-spam-11:  3.1923959255218506
test-spam-7:  7.506741642951965
test-spam-15:  15.805444955825806
test-spam-23:  6.582965135574341
test-spam-19:  16.368759214878082
test-spam-13:  16.68460889296098
test-spam-24:  17.109235509236655
test-spam-1:  14.135794639587402
test-spam-30:  15.966848611831665
test-spam-16:  8.011456370353699
