test-spam-7:  13.284390449523926
test-spam-6:  15.991977214813232
test-spam-10:  9.7695192694664
test-spam-11:  11.833767414093018
test-spam-13:  10.716288487116495
test-spam-5:  8.811308781305948
test-spam-14:  6.730474948883057
test-spam-8:  9.803818559646606
test-spam-1:  10.753784668445586
test-spam-9:  10.559509017250754
test-spam-4:  10.538461565971375
test-spam-16:  11.270637355744839
test-spam-17:  10.527899354696274
test-spam-20:  11.544775025789129
test-spam-19:  11.436640772903175
