test-8:  1.1602138168406937
test-25:  1.2701442346468077
test-14:  1.216240927025124
test-5:  1.4463361201247549
test-28:  1.5443840105671527
test-1:  1.470491111278534
test-10:  1.042208614602553
test-3:  1.5414611044384183
test-29:  1.4416193645447493
test-11:  1.454671179206626
test-2:  1.2360773180971052
test-13:  1.3360058087021558
test-16:  1.2503032241247396
test-42:  1.0357950244631087
test-41:  1.452741403165071
test-6:  1.296458205054788
test-9:  1.4776469101140528
test-7:  1.3329956112084564
test-38:  1.3036565625570653
test-4:  1.5293785849361554
test-40:  1.0066681998644689
test-22:  1.4784610912579448
test-20:  1.1489713532584054
test-27:  1.1532077219175256
test-26:  1.1004840677434748
test-47:  1.605219758790115
test-15:  1.1439147825594302
test-21:  1.300587617117783
test-48:  1.3107970237731934
test-19:  1.1984743409686618
test-17:  1.2763214173524275
test-33:  1.0230027528909535
test-12:  1.2711080428773323
test-37:  1.105701208114624
test-39:  1.3132038305301477
test-44:  1.330849272573096
test-50:  1.3510026791516472
test-45:  1.1800612028654631
test-23:  1.2782180449541878
test-18:  1.286341769878681
test-36:  1.3147939874344514
test-32:  1.3309425104444272
test-31:  1.2759723056446421
test-30:  1.1887607027272709
test-34:  1.2818438485890877
test-49:  1.1004628901388132
test-46:  1.422074744575902
test-24:  1.2135330438613892
test-43:  1.233289074897766
test-35:  1.0494916184434613
