test-spam-5:  8.104445733129978
test-spam-2:  8.42862942814827
test-spam-8:  8.206206314265728
test-spam-6:  8.255129883366246
test-spam-4:  8.027679595682356
test-spam-7:  8.036996187702302
test-spam-3:  7.948915129122526
test-spam-1:  8.006658386765865
