test-spam-2:  7.765788077046632
test-spam-1:  7.826987233742204
