test-23:  0.38030558824539185
test-25:  0.2394707202911377
test-3:  0.694485068321228
test-13:  0.805557370185852
test-16:  0.4539451599121094
test-4:  0.6155693531036377
test-14:  0.7016980648040771
test-8:  0.7669084072113037
test-11:  0.9144394397735596
test-1:  0.8429281711578369
test-22:  0.9790921211242676
test-12:  1.0450248718261719
